# Output areas that we are interested in
llangattock_area <- c("W00002467", "W00002466", "W00002465")
crickhowell_area <- c("W00002320", "W00002321", "W00002323", "W00002324", "W00009787", "W00009788", "W00009789")

area_name <- "Crickhowell"
area <- crickhowell_area

area_name <- "Llangattock"
area <- llangattock_area